power=sendir,1:1,1,58000,1,1,192,192,48,145,48,145,48,48,48,145,48,145,48,145,48,145,48,145,48,48,48,48,48,48,48,48,48,48,48,145,48,48,48,48,48,48,48,48,48,48,48,145,48,145,48,145,48,2146
channel_up=sendir,1:1,1,58000,1,1,193,192,49,144,49,144,49,48,49,144,49,144,49,144,49,48,49,144,49,144,49,144,49,48,49,48,49,48,49,144,49,48,49,48,49,48,49,144,49,48,49,48,49,48,49,144,49,1851
channel_down=0000 0048 0000 0018 00c1 00c0 0031 0090 0031 0090 0031 0030 0031 0090 0031 0090 0031 0030 0031 0090 0031 0090 0031 0090 0031 0090 0031 0030 0031 0030 0031 0030 0031 0090 0031 0030 0031 0030 0031 0090 0031 0030 0031 0030 0031 0030 0031 0030 0031 0090 0031 073b
guide=sendir,1:1,1,58000,1,1,192,192,48,145,48,145,48,48,48,145,48,145,48,48,48,145,48,145,48,48,48,48,48,48,48,48,48,48,48,145,48,48,48,48,48,145,48,48,48,48,48,145,48,145,48,145,48,2146
select=sendir,1:1,1,58000,1,1,192,192,48,145,48,145,48,48,48,145,48,145,48,48,48,48,48,145,48,145,48,48,48,48,48,48,48,48,48,145,48,48,48,48,48,145,48,145,48,48,48,48,48,145,48,145,48,2146
up=0000 0048 0000 0018 00c0 00c0 0030 0091 0030 0091 0030 0030 0030 0091 0030 0091 0030 0030 0030 0091 0030 0030 0030 0030 0030 0030 0030 0030 0030 0030 0030 0030 0030 0091 0030 0030 0030 0030 0030 0091 0030 0030 0030 0091 0030 0091 0030 0091 0030 0091 0030 0864
down=0000 0048 0000 0018 00c0 00c0 0030 0091 0030 0091 0030 0030 0030 0091 0030 0091 0030 0091 0030 0091 0030 0030 0030 0091 0030 0030 0030 0030 0030 0030 0030 0030 0030 0091 0030 0030 0030 0030 0030 0030 0030 0030 0030 0091 0030 0030 0030 0091 0030 0091 0030 0862
left=0000 0048 0000 0018 00c0 00c0 0030 0091 0030 0091 0030 0030 0030 0091 0030 0091 0030 0091 0030 0091 0030 0030 0030 0030 0030 0030 0030 0030 0030 0030 0030 0030 0030 0091 0030 0030 0030 0030 0030 0030 0030 0030 0030 0091 0030 0091 0030 0091 0030 0091 0030 0864
right=0000 0048 0000 0018 00c0 00c0 0030 0091 0030 0091 0030 0030 0030 0091 0030 0091 0030 0030 0030 0030 0030 0091 0030 0030 0030 0030 0030 0030 0030 0030 0030 0030 0030 0091 0030 0030 0030 0030 0030 0091 0030 0091 0030 0030 0030 0091 0030 0091 0030 0091 0030 0864
0=sendir,1:1,1,58000,1,1,192,192,48,145,48,145,48,48,48,145,48,145,48,145,48,48,48,48,48,145,48,145,48,48,48,48,48,48,48,145,48,48,48,48,48,48,48,145,48,145,48,48,48,48,48,145,48,2146
1=sendir,1:1,1,58000,1,1,192,192,48,145,48,145,48,48,48,145,48,145,48,48,48,48,48,48,48,48,48,145,48,48,48,48,48,48,48,145,48,48,48,48,48,145,48,145,48,145,48,145,48,48,48,145,48,2146
2=sendir,1:1,1,58000,1,1,192,192,48,145,48,145,48,48,48,145,48,145,48,145,48,48,48,48,48,48,48,145,48,48,48,48,48,48,48,145,48,48,48,48,48,48,48,145,48,145,48,145,48,48,48,145,48,2147
3=sendir,1:1,1,58000,1,1,192,192,48,145,48,145,48,48,48,145,48,145,48,48,48,145,48,48,48,48,48,145,48,48,48,48,48,48,48,145,48,48,48,48,48,145,48,48,48,145,48,145,48,48,48,145,48,2146
4=sendir,1:1,1,58000,1,1,192,192,48,145,48,145,48,48,48,145,48,145,48,145,48,145,48,48,48,48,48,145,48,48,48,48,48,48,48,145,48,48,48,48,48,48,48,48,48,145,48,145,48,48,48,145,48,2146
5=sendir,1:1,1,58000,1,1,192,192,48,145,48,145,48,48,48,145,48,145,48,48,48,48,48,145,48,48,48,145,48,48,48,48,48,48,48,145,48,48,48,48,48,145,48,145,48,48,48,145,48,48,48,145,48,2146
6=sendir,1:1,1,58000,1,1,192,192,48,145,48,145,48,48,48,145,48,145,48,145,48,48,48,145,48,48,48,145,48,48,48,48,48,48,48,145,48,48,48,48,48,48,48,145,48,48,48,145,48,48,48,145,48,2146
7=sendir,1:1,1,58000,1,1,192,192,48,145,48,145,48,48,48,145,48,145,48,48,48,145,48,145,48,48,48,145,48,48,48,48,48,48,48,145,48,48,48,48,48,145,48,48,48,48,48,145,48,48,48,145,48,2146
8=sendir,1:1,1,58000,1,1,192,192,48,145,48,145,48,48,48,145,48,145,48,145,48,145,48,145,48,48,48,145,48,48,48,48,48,48,48,145,48,48,48,48,48,48,48,48,48,48,48,145,48,48,48,145,48,2146
9=sendir,1:1,1,58000,1,1,192,192,48,145,48,145,48,48,48,145,48,145,48,48,48,48,48,48,48,145,48,145,48,48,48,48,48,48,48,145,48,48,48,48,48,145,48,145,48,145,48,48,48,48,48,145,48,2146
exit=sendir,1:1,1,58000,1,1,192,192,48,145,48,145,48,48,48,145,48,145,48,48,48,48,48,145,48,145,48,48,48,145,48,48,48,48,48,145,48,48,48,48,48,145,48,145,48,48,48,48,48,145,48,48,48,2146
last=sendir,1:1,1,58000,1,1,192,192,48,145,48,145,48,48,48,145,48,145,48,48,48,145,48,145,48,145,48,48,48,48,48,48,48,48,48,145,48,48,48,48,48,145,48,48,48,48,48,48,48,145,48,145,48,2146
